  
   ****** REPORTE DEL SISTEMA DE ESTADÍSTICA ******
  
  * AMPLITUD TOTAL (At)
  =============================================================
  At = Vmax - Vmin
  
  At =  24100,3  -  0,1 
  
  At =  24100,2 
  
  
  * FÓRMULA DE STURGES (St)
  =============================================================
                 At
  St = ______________________
       1 + [ 3.322 * log(N) ]
  
              24100,2 
  St = _________________________
       1 + [ 3.322 * log( 214 ) ]
  
  
              24100,2 
  St = _________________________
       1 + [ 3.322 *  2,330414  ]
  
  
          24100,2 
  St = ___________
        8,741635 
  
  
  St =  2756,94435 
  
  
  St =  2757 
  
  
  * DATOS ORDENADOS EN FORMA CRECIENTE
  =============================================================
       0.1         1.5         2.2         2.4         2.5  
       2.5         2.7         2.7         2.7         2.7  
       2.7         2.8         2.8         2.9         2.9  
       2.9         2.9         2.9         2.9         3.0  
       3.0         3.0         3.0         3.0         3.2  
       3.2         3.2         3.2         3.2         3.5  
       3.5         3.5         3.5         3.6         3.6  
       3.7         3.7         3.8         3.8         3.8  
       4.0         4.1         4.1         4.1         4.2  
       4.3         4.3         4.5         4.5         4.6  
       4.6         4.6         4.6         4.7         4.8  
       4.8         4.9         4.9         5.0         5.0  
       5.0         5.3         5.4         5.7         5.8  
       6.0         6.1         6.2         6.4         6.8  
       6.9         6.9         7.0         7.1         7.1  
       7.2         7.2         7.4         7.4         7.7  
       7.9         8.1         8.8         9.3         9.6  
       9.8        10.0        10.1        10.4        10.7  
      10.8        11.3        12.2        12.5        13.3  
      15.8        15.8        15.9        16.2        16.2  
      16.4        16.6        16.7        17.0        18.3  
      18.8        19.0        20.2        20.5        20.9  
      21.4        21.9        22.9        23.2        23.6  
      27.4        27.4        29.6        30.3        32.6  
      34.3        35.0        35.9        37.0        37.0  
      40.7        41.0        41.1        43.1        43.6  
      45.1        45.2        46.4        48.0        48.3  
      48.6        49.5        50.0        50.8        50.8  
      51.3        51.7        51.8        52.5        52.6  
      53.1        54.0        54.1        54.6        55.2  
      56.0        56.4        56.4        59.9        59.9  
      61.3        63.0        66.8        70.7        84.0  
      93.9       100.1       101.1       103.6       104.1  
     104.8       105.7       109.2       112.7       117.6  
     147.8       148.4       148.7       149.0       153.0  
     156.3       160.1       161.7       175.9       180.7  
     186.1       197.5       217.6       232.1       291.5  
     305.6       332.5       384.8       395.3       403.4  
     534.4       536.8       609.5       634.4       696.3  
     973.6      1060.5      1141.1      1151.4      1163.9  
    1426.1      1488.4      1723.7      2151.8      2397.7  
    2506.1      3203.6      3613.1      3832.9      3993.8  
    8865.2     11965.0     18859.3     24100.3    
  
  
  * MEDIANA PARA DATOS NO AGRUPADOS
  =============================================================
               19  +  20,2 
  Mediana = __________________
                    2         
  
              39,2 
  Mediana = ________
               2   
  
  Mediana =  19,6 
  
  
  * MODA PARA DATOS NO AGRUPADOS
  =============================================================
  Moda = 2.9
  
